[
  [
    1.0,
    0.20571912825107574,
    0.5527873039245605,
    0.8366274237632751,
    0.16755501925945282,
    0.6147041916847229,
    0.3885892629623413,
    0.26567915081977844,
    0.4148826003074646,
    0.19265685975551605,
    0.0,
    0.0,
    0.20406080782413483
  ],
  [
    0.20571912825107574,
    1.0,
    0.5198957324028015,
    0.24558138847351074,
    0.5472544431686401,
    0.13523826003074646,
    0.15503977239131927,
    0.19885766506195068,
    0.275825560092926,
    0.3661856949329376,
    0.0,
    0.1964850127696991,
    0.14562317728996277
  ],
  [
    0.5527873039245605,
    0.5198957324028015,
    1.0,
    0.6146723031997681,
    0.5622543692588806,
    0.4848442077636719,
    0.6612712740898132,
    0.2805398404598236,
    0.6563720703125,
    0.4580680727958679,
    0.0,
    0.16696317493915558,
    0.23132126033306122
  ],
  [
    0.8366274237632751,
    0.24558140337467194,
    0.6146723031997681,
    1.0,
    0.23031607270240784,
    0.6230226159095764,
    0.41974589228630066,
    0.3705117404460907,
    0.37460586428642273,
    0.269264280796051,
    0.0,
    0.0,
    0.20406080782413483
  ],
  [
    0.16755501925945282,
    0.5472544431686401,
    0.5622543096542358,
    0.23031607270240784,
    1.0,
    0.42628830671310425,
    0.5813862085342407,
    0.13663655519485474,
    0.457740843296051,
    0.2501780092716217,
    0.0,
    0.25684869289398193,
    0.28267917037010193
  ],
  [
    0.6147042512893677,
    0.13523826003074646,
    0.4848442077636719,
    0.6230226159095764,
    0.42628830671310425,
    1.0,
    0.5667406320571899,
    0.5796980261802673,
    0.4637012481689453,
    0.37026047706604004,
    0.0,
    0.21308040618896484,
    0.24709178507328033
  ],
  [
    0.3885892629623413,
    0.15503977239131927,
    0.661271333694458,
    0.41974586248397827,
    0.5813862085342407,
    0.5667406916618347,
    1.0,
    0.4174611568450928,
    0.5993605256080627,
    0.3706206679344177,
    0.11157263815402985,
    0.37197285890579224,
    0.3346335291862488
  ],
  [
    0.26567915081977844,
    0.19885766506195068,
    0.2805398404598236,
    0.3705117404460907,
    0.13663655519485474,
    0.5796980261802673,
    0.4174611568450928,
    1.0,
    0.25603872537612915,
    0.7104692459106445,
    0.09918992221355438,
    0.30297836661338806,
    0.16580142080783844
  ],
  [
    0.4148826003074646,
    0.275825560092926,
    0.6563721299171448,
    0.37460583448410034,
    0.457740843296051,
    0.4637012481689453,
    0.5993605852127075,
    0.25603872537612915,
    1.0,
    0.2782844305038452,
    0.1167350709438324,
    0.22209376096725464,
    0.1693272739648819
  ],
  [
    0.19265685975551605,
    0.3661856949329376,
    0.4580680727958679,
    0.269264280796051,
    0.2501779794692993,
    0.37026044726371765,
    0.3706206679344177,
    0.7104692459106445,
    0.2782844305038452,
    1.0,
    0.06693848967552185,
    0.5860072374343872,
    0.20852702856063843
  ],
  [
    0.0,
    0.0,
    0.0,
    0.0,
    0.0,
    0.0,
    0.11157263815402985,
    0.09918992221355438,
    0.1167350709438324,
    0.06693848967552185,
    0.4999999403953552,
    0.18598252534866333,
    0.15256133675575256
  ],
  [
    0.0,
    0.1964849978685379,
    0.16696316003799438,
    0.0,
    0.25684869289398193,
    0.21308040618896484,
    0.37197285890579224,
    0.30297836661338806,
    0.22209376096725464,
    0.5860072374343872,
    0.18598252534866333,
    1.0,
    0.36847707629203796
  ],
  [
    0.20406079292297363,
    0.14562317728996277,
    0.23132124543190002,
    0.20406080782413483,
    0.28267917037010193,
    0.24709177017211914,
    0.33463355898857117,
    0.16580142080783844,
    0.1693272888660431,
    0.20852702856063843,
    0.15256132185459137,
    0.36847707629203796,
    0.4999999403953552
  ]
]